C046227,0,0,35,35
C046231,0,0,293,293
C046232,0,0,57,57
C046276,0,0,97,97
C046277,0,0,93,93
C046278,0,0,79,79
C046279,0,0,97,97
C046774,0,0,2136,2136
C046776,0,0,2477,2477
C046777,0,0,576,576
C046778,0,0,416,416
C052838,0,0,1486,1486
C055783,0,0,24,24
C056798,0,0,16456,16456
C056799,0,0,315,315
C056805,0,0,98,98
FG00536,0,0,1920,1920
FG01659,0,0,2400,2400
M0A1013,0,0,1920,1920
M0A1021,0,0,4968,4968
M0A1025,0,0,3990,3990
M0A1030,0,0,2714,2714
M0A1044,0,0,4488,4488
M0A1662,0,0,710,710
U0254Z0,0,0,216,216
U0254Z5,0,0,42,42
U0254Z6,0,0,102,102
U0254Z7,0,0,69,69
U0254Z8,0,0,89,89
U0254ZF,0,0,105,105
U0254ZY,0,0,35,35
U0254ZK,0,0,264,264
U0254ZL,0,0,70,70
U0254ZP,0,0,580,580
U0254ZQ,0,0,960,960
U0254ZR,0,0,500,500
U0254ZS,0,0,520,520
U0254ZT,0,0,540,540
U0254ZW,0,0,546,546
U0254ZX,0,0,320,320
U0254ZZ,0,0,360,360
U1223E0,0,0,152,152
U1223E2,0,0,339,339
U125714,0,0,67950,67950
U125H58,0,0,268,268
U125K12,0,0,196,196
U125K21,0,0,60,60
U125K22,0,0,331,331
U125K23,0,0,84,84
U125K32,0,0,138,138
U125K34,0,0,88,88
U125K35,0,0,6,6
U125K36,0,0,286,286
U147K25,0,0,141,141
U148M25,0,0,148,148
U14V587,0,0,72,72
U14V588,0,0,60,60
U14V589,0,0,96,96
U14V591,0,0,20256,20256
U14V592,0,0,3312,3312
U157H84,0,0,5680,5680
U157H85,0,0,5640,5640
U157H86,0,0,5350,5350
U157H87,0,0,6600,6600
U157H88,0,0,6600,6600
U15H789,0,0,124,124
U245M15,0,0,54,54
U256K12,0,0,125,125
U258H59,0,0,1740,1740
U260356,0,0,508,508
U26219A,0,0,100,100
U26219B,0,0,185,185
U26219C,0,0,50,50
U26219D,0,0,72,72
U278569,0,0,26,26
U27856M,0,0,20,20
U278570,0,0,160,160
U291020,0,0,14,14
U291029,0,0,38,38
U3125AH,0,0,429,429
U3125AJ,0,0,80,80
U3125C1,0,0,545,545
U32L55K,0,0,28,28
U32LM54,0,0,20,20
U32LM89,0,0,41,41
U378M96,0,0,22,22
U378M97,0,0,23,23
U378M98,0,0,5,5
U38V255,0,0,16,16
U38VL3M,0,0,14,14
U38VP85,0,0,40,40
U417740,0,0,770,770
U417741,0,0,222,222
U417742,0,0,319,319
U417743,0,0,83,83
U417744,0,0,350,350
U417746,0,0,4,4
U417747,0,0,49,49
U41774D,0,0,25,25
U4329LD,0,0,209,209
U4329LG,0,0,420,420
U4329LZ,0,0,230,230
U4329P0,0,0,84,84
U4329P2,0,0,128,128
U4329P5,0,0,97,97
U4329P6,0,0,545,545
U4329P7,0,0,69,69
U4329P8,0,0,162,162
U4329P9,0,0,440,440
U4329PC,0,0,402,402
U4329PE,0,0,1911,1911
U4329PF,0,0,1788,1788
U4329PJ,0,0,720,720
U4329PK,0,0,480,480
U4329PN,0,0,24,24
U4329PP,0,0,6,6
U4329PR,0,0,44,44
U4329PS,0,0,48,48
U4329PT,0,0,140,140
U4329R0,0,0,42,42
U4329R1,0,0,94,94
U4329R2,0,0,66,66
U4329R3,0,0,83,83
U4329R4,0,0,198,198
U4329R5,0,0,78,78
U4329T1,0,0,6692,6692
U4329T2,0,0,4172,4172
U4329T3,0,0,120,120
U4329T4,0,0,5088,5088
U4329T5,0,0,22596,22596
U4329TB,0,0,768,768
U432B93,0,0,2968,2968
U432B94,0,0,2992,2992