U51C4PN,0,0,70,70
U51F1ND,0,0,1890,1890
U51F589,0,0,183,183
U51H123,0,0,264,264
U51H124,0,0,200,200
U51H216,0,0,308,308
U51H21C,0,0,280,280
U51H21D,0,0,53,53
U51H21K,0,0,24,24
U51H21L,0,0,72,72
U51H21M,0,0,162,162
U51H21N,0,0,66,66
U51H21R,0,0,57,57
U51H21S,0,0,246,246
U51H21U,0,0,12,12
U51H22C,0,0,54,54
U51H22E,0,0,64,64
U51H22F,0,0,18,18
U51H24L,0,0,611,611
U51H263,0,0,120,120
U51H264,0,0,180,180
U51H26B,0,0,32,32
U51H26F,0,0,51,51
U51H26L,0,0,132,132
U51H27R,0,0,271,271
U51H291,0,0,178,178
U51H292,0,0,182,182
U51H294,0,0,80,80
U51H298,0,0,1136,1136
U51H29D,0,0,431,431
U51H29G,0,0,72,72
U51H29W,0,0,176,176
U51H2A6,0,0,118,118
U51H2A7,0,0,101,101
U51H2AB,0,0,1,1
U51H2AJ,0,0,337,337
U51H2AN,0,0,241,241
U51H2AP,0,0,308,308
U51H2C2,0,0,409,409
U51H2C3,0,0,31,31
U51H2C4,0,0,513,513
U51H2C7,0,0,57,57
U51H2C8,0,0,479,479
U51H2KL,0,0,505,505
U51H301,0,0,269,269
U51H303,0,0,374,374
U51H304,0,0,781,781
U51H305,0,0,150,150
U51H306,0,0,152,152
U51H307,0,0,868,868
U51H308,0,0,398,398
U51H30K,0,0,448,448
U51H30R,0,0,392,392
U51H30S,0,0,344,344
U51H322,0,0,192,192
U51H32A,0,0,57,57
U51H32C,0,0,7950,7950
U51H32E,0,0,4141,4141
U51H32F,0,0,1152,1152
U51H32H,0,0,1080,1080
U51H32J,0,0,405,405
U51H32K,0,0,2654,2654
U51H32L,0,0,1562,1562
U51H32M,0,0,1277,1277
U51H32P,0,0,99,99
U51H331,0,0,112,112
U51H332,0,0,1858,1858
U51H333,0,0,62,62
U51H33H,0,0,302,302
U51H33X,0,0,288,288
U51H341,0,0,591,591
U51H343,0,0,88,88
U51H344,0,0,60,60
U51H345,0,0,32,32
U51H346,0,0,80,80
U51H34E,0,0,170,170
U51H34F,0,0,70,70
U51H34H,0,0,10,10
U51H34J,0,0,100,100
U51H34L,0,0,130,130
U51H34M,0,0,255,255
U51H39J,0,0,2272,2272
U51H39T,0,0,309,309
U51H91L,0,0,2021,2021
U51HH3A,0,0,298,298
U51J54U,0,0,842,842
U51J54W,0,0,215,215
U51J54X,0,0,473,473
U51JZ21,0,0,95,95
U51JZ23,0,0,2454,2454
U51JZ24,0,0,536,536
U51JZ26,0,0,227,227
U51JZ28,0,0,461,461
U51JZ2A,0,0,80,80
U51JZ2B,0,0,276,276
U51JZ2D,0,0,152,152
U51JZ2E,0,0,330,330
U51JZ2F,0,0,71,71
U51JZ2L,0,0,30,30
U51JZ2N,0,0,26,26
U51JZ2P,0,0,60,60
U51JZ2Q,0,0,70,70
U51JZ2R,0,0,39,39
U51JZ30,0,0,288,288
U51JZ31,0,0,646,646
U51JZ38,0,0,244,244
U51JZ3Y,0,0,64,64
U51JZ3S,0,0,372,372
U51JZ3X,0,0,952,952
U51K344,0,0,371,371
U51M122,0,0,1069,1069
U51M123,0,0,383,383
U51M202,0,0,1341,1341
U51M206,0,0,280,280
U51M207,0,0,210,210
U51M217,0,0,1200,1200
U51M218,0,0,540,540
U51M219,0,0,2760,2760
U51M21E,0,0,2600,2600
U51M21G,0,0,38720,38720
U51M21V,0,0,31680,31680
U51M21Z,0,0,1785,1785
U51M224,0,0,168,168
U51M225,0,0,147,147
U51M661,0,0,566,566
U51M662,0,0,459,459
U51M664,0,0,273,273
U51M665,0,0,412,412
U51M666,0,0,1854,1854
U51T112,0,0,1845,1845
U51T118,0,0,275,275
U51T131,0,0,816,816
U51T133,0,0,5232,5232
U51T13E,0,0,528,528
U51T13J,0,0,1590,1590
U51T140,0,0,921,921
U51T142,0,0,5711,5711
U51T143,0,0,978,978