U505242,0,0,1985,1985
U505243,0,0,2877,2877
U505281,0,0,512,512
U505282,0,0,1154,1154
U505286,0,0,935,935
U505288,0,0,2081,2081
U50528B,0,0,375,375
U50528L,0,0,330,330
U50528W,0,0,680,680
U505294,0,0,1057,1057
U505295,0,0,1236,1236
U505296,0,0,1190,1190
U50529U,0,0,2160,2160
U5052A4,0,0,230,230
U5052A9,0,0,2923,2923
U5052AC,0,0,2602,2602
U5052AL,0,0,220,220
U5052AM,0,0,1226,1226
U5052AP,0,0,5219,5219
U5052AR,0,0,167,167
U5052B1,0,0,1021,1021
U5052B3,0,0,1484,1484
U5052B4,0,0,289,289
U5052B6,0,0,462,462
U5052B7,0,0,1071,1071
U5052C4,0,0,3492,3492
U5052C9,0,0,1065,1065
U5052CQ,0,0,1932,1932
U5052E0,0,0,508,508
U5052E1,0,0,391,391
U5052E2,0,0,256,256
U505333,0,0,1770,1770
U505334,0,0,478,478
U505335,0,0,441,441
U505338,0,0,233,233
U505339,0,0,70,70
U50533A,0,0,709,709
U50533E,0,0,149,149
U50533H,0,0,429,429
U50533S,0,0,1260,1260
U50533T,0,0,1079,1079
U50533V,0,0,2084,2084
U50533W,0,0,662,662
U50533Z,0,0,345,345
U50534C,0,0,520,520
U50534F,0,0,708,708
U50534N,0,0,1008,1008
U50534S,0,0,1707,1707
U50535E,0,0,74,74
U50535F,0,0,158,158
U50535P,0,0,273,273
U50535S,0,0,245,245
U50535V,0,0,45,45
U50541A,0,0,672,672
U50541C,0,0,572,572
U50582G,0,0,451,451
U50633Y,0,0,128,128
U50633M,0,0,624,624
U50633N,0,0,584,584
U50633P,0,0,96,96
U50633R,0,0,18,18
U50633S,0,0,54,54
U50633T,0,0,24,24
U50633W,0,0,140,140
U50633X,0,0,48,48
U50633Z,0,0,318,318
U50634C,0,0,152,152
U50634F,0,0,171,171
U50634K,0,0,517,517
U50634L,0,0,148,148
U50634M,0,0,120,120
U50634N,0,0,681,681
U50634R,0,0,447,447
U50634T,0,0,888,888
U50634Z,0,0,57,57
U50636A,0,0,330,330
U50636C,0,0,283,283
U50636E,0,0,351,351
U50636F,0,0,154,154
U50636G,0,0,361,361
U50636H,0,0,166,166
U50636J,0,0,302,302
U51166A,0,0,533,533
U51166B,0,0,799,799
U51166C,0,0,36,36
U51166D,0,0,251,251
U51166E,0,0,82,82
U51166F,0,0,190,190
U51166G,0,0,193,193
U51166H,0,0,42,42
U51166J,0,0,424,424
U51166K,0,0,450,450
U51166L,0,0,112,112
U51166X,0,0,78,78
U51167D,0,0,62,62
U51167E,0,0,10,10
U51167F,0,0,31,31
U51167G,0,0,695,695
U51167H,0,0,43,43
U51167J,0,0,28,28
U51167K,0,0,49,49
U51167L,0,0,87,87
U51167M,0,0,306,306
U51167O,0,0,97,97
U51167P,0,0,32,32
U51167R,0,0,174,174
U51167S,0,0,62,62
U51167T,0,0,118,118
U51167U,0,0,158,158
U51168H,0,0,5,5
U51168N,0,0,83,83
U51168P,0,0,35,35
U51168X,0,0,372,372
U51168Z,0,0,151,151
U51169A,0,0,5,5
U51169E,0,0,114,114
U51169F,0,0,53,53
U51169H,0,0,78,78
U51169J,0,0,99,99
U51169K,0,0,17,17
U51169M,0,0,19,19
U51169P,0,0,2,2
U51169S,0,0,18,18
U512137,0,0,4,4
U512140,0,0,77,77
U5122E6,0,0,435,435
U5122E7,0,0,160,160
U5122E8,0,0,188,188
U5122FY,0,0,1965,1965
U5122FZ,0,0,1418,1418
U5122HE,0,0,3232,3232
U5122HF,0,0,129,129
U5122J9,0,0,280,280
U5122K2,0,0,1363,1363
U5122K4,0,0,374,374
U5122K6,0,0,36,36
U5122K7,0,0,77,77
U5122P0,0,0,110,110
U514360,0,0,81,81
U514362,0,0,50,50
U514373,0,0,257,257
U514374,0,0,55,55
U514379,0,0,262,262
U51437H,0,0,221,221
U51437J,0,0,183,183
U51437K,0,0,1943,1943
U51437Q,0,0,41,41
U51437R,0,0,614,614
U51437S,0,0,557,557
U51437U,0,0,104,104
U51437V,0,0,216,216
U514380,0,0,47,47
U514381,0,0,278,278
U514387,0,0,128,128
U51438E,0,0,295,295
U51438F,0,0,132,132
U51438J,0,0,124,124
U51438K,0,0,23,23
U51438M,0,0,27,27
U51438P,0,0,693,693
U51438Q,0,0,25,25
U51438R,0,0,96,96
U51438T,0,0,480,480
U514390,0,0,177,177
U514395,0,0,150,150
U514397,0,0,163,163
U51439A,0,0,122,122
U51439C,0,0,155,155
U51439H,0,0,102,102
U51439K,0,0,306,306
U51439L,0,0,459,459
U51439N,0,0,17,17
U51439P,0,0,222,222
U51439R,0,0,37,37
U51439S,0,0,24,24
U51439U,0,0,382,382
U5144A1,0,0,44,44
U5144A3,0,0,1902,1902
U5144A5,0,0,15,15
U5181A6,0,0,320,320
U5181A7,0,0,260,260
U5181A9,0,0,24,24
U5181AC,0,0,49,49
U5181AE,0,0,70,70
U5181C2,0,0,104,104
U5181CF,0,0,40,40
U5181CJ,0,0,81,81
U5181CK,0,0,276,276
U5181CS,0,0,37230,37230
U5181CT,0,0,3178,3178
U5181CU,0,0,36,36
U518405,0,0,454,454
U51840A,0,0,155,155
U518A33,0,0,612,612
U51942D,0,0,199,199
U51942S,0,0,1092,1092
U51943J,0,0,1958,1958
U51943K,0,0,559,559
U51943L,0,0,3660,3660