U51943M,0,0,1066,1066
U519K58,0,0,546,546
U519N22,0,0,165,165
U519N23,0,0,363,363
U51A601,0,0,1988,1988
U51A602,0,0,136,136
U51A604,0,0,272,272
U51A605,0,0,234,234
U51A606,0,0,1653,1653
U51A64C,0,0,1854,1854
U51A64F,0,0,94,94
U51A64H,0,0,160,160
U51A651,0,0,203,203
U51A652,0,0,427,427
U51A653,0,0,207,207
U51A66X,0,0,113,113
U51A683,0,0,313,313
U51A687,0,0,195,195
U51A68A,0,0,488,488
U51A709,0,0,66,66
U51A70X,0,0,134,134
U51A712,0,0,1066,1066
U51A73Y,0,0,513,513
U51A74B,0,0,435,435
U51A754,0,0,121,121
U51A75C,0,0,51,51
U51A75F,0,0,1533,1533
U51A75H,0,0,600,600
U51A75V,0,0,530,530
U51A76G,0,0,13,13
U51A76K,0,0,560,560
U51A76V,0,0,50,50
U51A774,0,0,23,23
U51A778,0,0,787,787
U51A782,0,0,187,187
U51A78A,0,0,310,310
U51A78Z,0,0,60,60
U51A79A,0,0,54,54
U51A79C,0,0,85,85
U51A79E,0,0,119,119
U51A79F,0,0,89,89
U51A79H,0,0,24,24
U51A79J,0,0,69,69
U51A79K,0,0,78,78
U51A7C0,0,0,336,336
U51A7C7,0,0,204,204
U51A7CD,0,0,363,363
U51A7CR,0,0,120,120
U51A80Y,0,0,3066,3066
U51A80V,0,0,1200,1200
U51A842,0,0,30,30
U51A86J,0,0,248,248
U51A932,0,0,208,208
U51A99M,0,0,110,110
U51C4PM,0,0,314,314