U436481,0,0,158,158
U436483,0,0,485,485
U436484,0,0,209,209
U436486,0,0,846,846
U436487,0,0,986,986
U436488,0,0,898,898
U436T54,0,0,538,538
U442300,0,0,3120,3120
U442301,0,0,2760,2760
U442335,0,0,7320,7320
U442339,0,0,16875,16875
U44233F,0,0,3300,3300
U44233P,0,0,15500,15500
U44233T,0,0,2958,2958
U44233V,0,0,8640,8640
U44233Z,0,0,10525,10525
U442340,0,0,219,219
U442341,0,0,101,101
U442342,0,0,251,251
U442343,0,0,955,955
U442346,0,0,762,762
U442347,0,0,508,508
U44234A,0,0,4279,4279
U44234C,0,0,305,305
U44234D,0,0,3,3
U44234E,0,0,3120,3120
U44234F,0,0,812,812
U44234H,0,0,42,42
U44234L,0,0,7825,7825
U44234S,0,0,603,603
U442352,0,0,4970,4970
U442354,0,0,19650,19650
U442355,0,0,390,390
U442356,0,0,2448,2448
U442358,0,0,5400,5400
U442359,0,0,1260,1260
U44235A,0,0,50025,50025
U44235F,0,0,718,718
U44235J,0,0,2010,2010
U44235U,0,0,6120,6120
U44235V,0,0,4890,4890
U44235W,0,0,57975,57975
U442369,0,0,910,910
U44236E,0,0,1908,1908
U44236F,0,0,3900,3900
U44236G,0,0,496,496
U44236R,0,0,409,409
U44236S,0,0,401,401
U44236T,0,0,512,512
U44236U,0,0,688,688
U442370,0,0,51,51
U442371,0,0,225,225
U442372,0,0,104,104
U442374,0,0,164,164
U442376,0,0,125,125
U44237D,0,0,75,75
U44237G,0,0,156,156
U44237K,0,0,160,160
U44237L,0,0,1576,1576
U44237M,0,0,1500,1500
U44237N,0,0,968,968
U44237Q,0,0,199,199
U44237R,0,0,3392,3392
U44237S,0,0,2565,2565
U44237W,0,0,18,18
U442F85,0,0,53,53
U442KL2,0,0,27,27
U442KM2,0,0,82,82
U444515,0,0,396,396
U444517,0,0,1230,1230
U44451U,0,0,140,140
U444580,0,0,13440,13440
U444581,0,0,42672,42672
U4445A3,0,0,1150,1150
U4445A4,0,0,360,360
U4445AD,0,0,1320,1320
U4445C0,0,0,5040,5040
U4445C1,0,0,8532,8532
U4445C2,0,0,8532,8532
U4445C5,0,0,4284,4284
U4445C6,0,0,1560,1560
U4445C7,0,0,24300,24300
U4445C9,0,0,2992,2992
U4445CF,0,0,20,20
U4445CH,0,0,300,300
U4445CJ,0,0,1680,1680
U4445CL,0,0,744,744
U4445CN,0,0,880,880
U4445CP,0,0,13140,13140
U4445CV,0,0,1392,1392
U4445CX,0,0,403,403
U4445CZ,0,0,1658,1658
U4445D1,0,0,500,500
U4445D2,0,0,530,530
U4445D4,0,0,656,656
U4445D5,0,0,148,148
U4445DK,0,0,923,923
U4445DL,0,0,420,420
U4445E7,0,0,1065,1065
U4445EC,0,0,12300,12300
U4445EF,0,0,608,608
U4445EY,0,0,120,120
U4445EL,0,0,190,190
U4445EM,0,0,490,490
U4445EP,0,0,2184,2184
U4445FP,0,0,252,252
U4445FR,0,0,1204,1204
U4445FS,0,0,1294,1294
U4445FW,0,0,210,210
U4445FX,0,0,40,40
U4445GA,0,0,446,446
U4445H6,0,0,8020,8020
U4445H7,0,0,594,594
U4445H9,0,0,1728,1728
U4445HE,0,0,1480,1480
U4445HJ,0,0,2280,2280
U4445J2,0,0,386,386
U4445J6,0,0,1500,1500
U4445J8,0,0,306,306
U4445JF,0,0,6240,6240
U4445JY,0,0,1056,1056
U4445JZ,0,0,630,630
U4445K6,0,0,528,528
U4445K9,0,0,360,360
U4445KB,0,0,2160,2160
U4445KD,0,0,1032,1032
U4445KE,0,0,648,648
U4445KF,0,0,504,504
U4445KG,0,0,106155,106155
U4445KH,0,0,2628,2628
U4445KJ,0,0,3780,3780
U4445KK,0,0,1056,1056
U4445KL,0,0,210,210
U4445KP,0,0,3640,3640
U4445KS,0,0,216,216
U4445KW,0,0,6468,6468
U4445L1,0,0,1058,1058
U4445L2,0,0,722,722
U4445LQ,0,0,50940,50940
U4445M0,0,0,2672,2672
U4445M1,0,0,2450,2450
U4445MM,0,0,1050,1050
U4445MN,0,0,3388,3388
U4445MP,0,0,11300,11300
U4445MQ,0,0,896,896
U4445MW,0,0,144,144
U4445N5,0,0,6760,6760
U4445N6,0,0,2220,2220
U4445N7,0,0,350,350
U4445NG,0,0,600,600
U4445NO,0,0,1100,1100
U4445NR,0,0,1536,1536
U4445NT,0,0,2160,2160
U4445P1,0,0,828,828
U4445P3,0,0,1562,1562
U4445P4,0,0,450,450
U4445PA,0,0,84,84
U4445PQ,0,0,396,396
U4445PW,0,0,4320,4320
U4445PZ,0,0,4140,4140
U4445R1,0,0,5940,5940
U447H14,0,0,8505,8505
U458M12,0,0,26,26
U458M14,0,0,8,8
U4H5864,0,0,552,552
U4K5A63,0,0,88935,88935
U4K5L23,0,0,85890,85890
U4K8964,0,0,36,36
U501J23,0,0,55,55
U501J25,0,0,2970,2970
U501J27,0,0,300,300
U501J28,0,0,560,560
U501J29,0,0,525,525
U501J2A,0,0,435,435
U501S1D,0,0,185,185
U501S1E,0,0,37,37
U505123,0,0,2482,2482
U505180,0,0,1592,1592
U505181,0,0,260,260
U505182,0,0,1327,1327
U505183,0,0,763,763
U505187,0,0,957,957
U505188,0,0,594,594
U50518A,0,0,35842,35842
U50518C,0,0,1055,1055
U505190,0,0,416,416
U505191,0,0,1308,1308
U505194,0,0,931,931
U505196,0,0,3338,3338
U50519A,0,0,513,513
U50519J,0,0,1774,1774
U50519L,0,0,1750,1750
U505210,0,0,135,135
U505216,0,0,4919,4919
U50521A,0,0,2652,2652
U50521C,0,0,1512,1512
U50521L,0,0,1924,1924
U50521M,0,0,20240,20240
U505234,0,0,374,374