V446P1M,0,0,1610,1610
V446P24,0,0,1127,1127
V446P25,0,0,5520,5520
V446P2J,0,0,8040,8040
V446P2K,0,0,242,242
V446P30,0,0,252,252
V446P3D,0,0,169,169
V446P3G,0,0,11,11
V446P3R,0,0,111,111
V446P3S,0,0,113,113
V446R12,0,0,480,480
V446R13,0,0,659,659
V446R18,0,0,1262,1262
V446R1A,0,0,1800,1800
V446R1C,0,0,476,476
V446R1E,0,0,2539,2539
V446R1F,0,0,1720,1720
V446R1H,0,0,3216,3216
V458221,0,0,231,231
V458236,0,0,665,665
V4785F5,0,0,40,40
V4N2584,0,0,4320,4320
V501210,0,0,51,51
V501252,0,0,80,80
V501253,0,0,250,250
V501254,0,0,104,104
V501255,0,0,234,234
V501435,0,0,527,527
V50148A,0,0,68,68
V50148E,0,0,17,17
V50148F,0,0,34,34
V5014P6,0,0,45,45
V5014P7,0,0,40,40
V5014P8,0,0,42,42
V5014P9,0,0,240,240
V5014PC,0,0,33,33
V5014PD,0,0,37,37
V5014S0,0,0,37,37
V501617,0,0,54,54
V50161E,0,0,16,16
V50161H,0,0,27,27
V501Y13,0,0,249,249
V501Y14,0,0,31,31
V501Y15,0,0,80,80
V501Y16,0,0,531,531
V501Y17,0,0,148,148
V501Y18,0,0,230,230
V501Y19,0,0,178,178
V501Y1A,0,0,34,34
V501Y31,0,0,176,176
V501Y35,0,0,194,194
V501Y36,0,0,536,536
V501Y37,0,0,143,143
V501Y38,0,0,285,285
V501Y39,0,0,594,594
V501Y3J,0,0,419,419
V501Y3N,0,0,147,147
V501Y3P,0,0,50,50
V501Y3R,0,0,334,334
V501Y3S,0,0,29,29
V501J25,0,0,135,135
V501T53,0,0,126,126
V501T55,0,0,500,500
V501T5R,0,0,230,230
V501T61,0,0,489,489
V501V10,0,0,75,75
V501V13,0,0,317,317
V501V15,0,0,150,150
V501V2C,0,0,54,54
V501V2E,0,0,202,202
V501V2F,0,0,380,380
V501V2G,0,0,185,185
V501V2J,0,0,645,645
V501V2K,0,0,650,650
V502511,0,0,362,362
V50251P,0,0,335,335
V502522,0,0,222,222
V502531,0,0,156,156
V502533,0,0,258,258
V502541,0,0,320,320
V502551,0,0,106,106
V504388,0,0,27,27
V50438Y,0,0,15,15
V50438U,0,0,142,142
V50438V,0,0,118,118
V50438W,0,0,86,86
V50438Z,0,0,8,8
V506222,0,0,400,400
V506224,0,0,506,506
V50622K,0,0,153,153
V507A51,0,0,1097,1097
V507A54,0,0,614,614
V508F1A,0,0,1445,1445
V50AA9E,0,0,567,567
V50AB9H,0,0,135,135
V50E1A1,0,0,936,936
V50F1A1,0,0,177,177
V50K132,0,0,571,571
V511601,0,0,197,197
V511602,0,0,204,204
V511605,0,0,1690,1690
V511607,0,0,770,770
V511B84,0,0,1093,1093
V511F85,0,0,639,639
V511G48,0,0,529,529
V511M70,0,0,225,225
V511M71,0,0,351,351
V511M75,0,0,409,409
V511M77,0,0,782,782
V511M78,0,0,411,411
V511M7A,0,0,768,768
V511M7C,0,0,138,138
V511M7E,0,0,91,91
V513A1G,0,0,57,57
V513A1N,0,0,30,30
V513A2N,0,0,229,229
V5187A9,0,0,168,168
V5187BA,0,0,79,79
V518A1L,0,0,199,199
V519524,0,0,154,154
V51961P,0,0,819,819
V51982P,0,0,787,787
V519A1D,0,0,417,417
V519AHW,0,0,554,554
V519AKC,0,0,832,832
V519AS1,0,0,152,152
V519AS2,0,0,236,236
V519AS3,0,0,184,184
V519AS4,0,0,1528,1528
V519AS5,0,0,58,58
V519AS6,0,0,149,149
V519AS7,0,0,165,165
V519AS8,0,0,2119,2119
V519AWK,0,0,40,40
V519AWL,0,0,10,10
V519N25,0,0,928,928
V519N28,0,0,371,371
V519N2F,0,0,218,218
V519N32,0,0,212,212
V519NA1,0,0,222,222
V519NA4,0,0,595,595
V519NA6,0,0,567,567
V519NB1,0,0,1960,1960
V519NB2,0,0,660,660
V519NBJ,0,0,630,630
V519NBP,0,0,1770,1770
V519NC1,0,0,3180,3180
V519NE9,0,0,480,480
V519NEC,0,0,18,18
V519NEF,0,0,340,340
V519NEY,0,0,90,90
V519NEL,0,0,350,350
V519NEN,0,0,550,550
V519NER,0,0,152,152
V519NEX,0,0,44,44
V519NEZ,0,0,1585,1585
V51C25G,0,0,216,216
V51C261,0,0,98,98
V51C262,0,0,165,165
V51H2AS,0,0,620,620
V51H2AZ,0,0,39,39
V51H2C5,0,0,1,1
V51H2C6,0,0,129,129
V51H2C7,0,0,28,28
V51K55C,0,0,1197,1197
V51K55E,0,0,836,836
V51K55F,0,0,1577,1577
V51K61C,0,0,192,192
V51KF35,0,0,108,108
V51KF36,0,0,132,132
V51KF37,0,0,96,96
V51KF50,0,0,1000,1000
V51KF6G,0,0,883,883
V51KF6K,0,0,158,158
V51V20E,0,0,1230,1230
V51V21E,0,0,3220,3220
V51V22E,0,0,1726,1726
V51V23E,0,0,2700,2700
V51V24E,0,0,1116,1116
V51V25E,0,0,408,408
V51V26E,0,0,1038,1038
V51V481,0,0,686,686
V51V482,0,0,432,432
V51X14Q,0,0,2361,2361
V51X14W,0,0,10131,10131
V51X14X,0,0,2088,2088
V51X153,0,0,5164,5164
V51X154,0,0,4140,4140
V51X16H,0,0,236,236
V51X16J,0,0,224,224
V51X16K,0,0,95,95
V51X16L,0,0,26,26
V51X16N,0,0,107,107
V51X16P,0,0,83,83
V51X17G,0,0,190,190
V51X17N,0,0,176,176
V51X18J,0,0,896,896
V51X1A2,0,0,1944,1944
V51X21A,0,0,888,888