V51X21B,0,0,1506,1506
V51X21C,0,0,2124,2124
V51X22H,0,0,108,108
V51X24H,0,0,95,95
V51X29A,0,0,4610,4610
V51X881,0,0,1931,1931
V51X882,0,0,2837,2837
V51X901,0,0,720,720
V51X902,0,0,540,540
V51X903,0,0,1293,1293
V51X905,0,0,630,630
V51X908,0,0,186,186
V51X909,0,0,110,110
V51X90E,0,0,1760,1760
V51X991,0,0,1041,1041
V51X992,0,0,2740,2740
V51X993,0,0,1424,1424
V51X99A,0,0,720,720
V51X99B,0,0,3252,3252
V51X99C,0,0,3600,3600
V51X99D,0,0,602,602
V51X99Y,0,0,45,45
V51X99R,0,0,128,128
V51Z213,0,0,229,229
V51Z214,0,0,181,181
V51Z221,0,0,275,275
V51Z224,0,0,311,311
V51Z268,0,0,405,405
V51Z412,0,0,573,573
V51Z414,0,0,433,433
V51Z418,0,0,286,286
V51Z41L,0,0,213,213
V51Z42L,0,0,221,221
V51Z42M,0,0,401,401
V51Z42N,0,0,121,121
V51Z42S,0,0,237,237
V51Z42W,0,0,174,174
V51Z430,0,0,225,225
V51Z431,0,0,916,916
V51Z435,0,0,1391,1391
V51Z436,0,0,1093,1093
V51Z43C,0,0,28,28
V51Z43J,0,0,140,140
V51Z43N,0,0,177,177
V51Z43S,0,0,564,564
V51Z43T,0,0,2038,2038
V51Z441,0,0,735,735
V51Z444,0,0,485,485
V51Z44E,0,0,853,853
V51Z44F,0,0,413,413
V51Z45Y,0,0,37,37
V51Z45K,0,0,200,200
V51Z45L,0,0,127,127
V51Z45W,0,0,235,235
V51Z460,0,0,343,343
V51Z466,0,0,296,296
V51Z46C,0,0,19,19
V51Z46F,0,0,382,382
V51Z46H,0,0,10,10
V51Z46J,0,0,27,27
V51Z46R,0,0,361,361
V51Z471,0,0,90,90
V51Z472,0,0,964,964
V51Z473,0,0,481,481
V51Z474,0,0,1667,1667
V51Z475,0,0,60,60
V51Z476,0,0,30,30
V51Z477,0,0,300,300
V51Z478,0,0,149,149
V51Z479,0,0,104,104
V51Z480,0,0,85,85
V51Z481,0,0,105,105
V51Z482,0,0,210,210
V51Z483,0,0,88,88
V51Z484,0,0,120,120
V51Z485,0,0,81,81
V51Z486,0,0,151,151
V51Z487,0,0,360,360
V51Z488,0,0,15,15
V51Z489,0,0,9,9
V51Z492,0,0,522,522
V51Z493,0,0,518,518
V52D21K,0,0,254,254
V52D22D,0,0,8663,8663
V52S259,0,0,520,520
V52S25A,0,0,970,970
V52S25F,0,0,1188,1188
V52S30F,0,0,40,40
V52S30G,0,0,1258,1258
V52S30K,0,0,1249,1249
V52S323,0,0,582,582
V52S324,0,0,1953,1953
V578N18,0,0,145,145
V5864G5,0,0,21,21
V5896G6,0,0,359,359
V596L58,0,0,192,192
V60437A,0,0,107,107
V60438B,0,0,103,103
V60438F,0,0,44,44
V60441A,0,0,49,49
V60441C,0,0,351,351
V60441D,0,0,142,142
V60441E,0,0,102,102
V60441F,0,0,182,182
V60441G,0,0,80,80
V60441H,0,0,292,292
V60441J,0,0,991,991
V65R594,0,0,79,79
V687K28,0,0,384,384
V6985H6,0,0,80,80
V86P964,0,0,78,78
V900A1S,0,0,200,200
V900A2S,0,0,308,308
V900A3S,0,0,152,152
V900A5S,0,0,103,103
V900A6S,0,0,92,92
V900A7S,0,0,31,31
V95Y125,0,0,172,172
V95Y42J,0,0,63,63
V95Y42K,0,0,104,104
V95Y42M,0,0,531,531
V95Y42T,0,0,186,186
V9M811V,0,0,3400,3400
V9M814V,0,0,2156,2156
V9M841V,0,0,563,563
V9M845V,0,0,24,24
V9Z117M,0,0,720,720
V9Z123L,0,0,62,62
V9Z123M,0,0,44,44
V9Z222Z,0,0,1602,1602
V9Z420C,0,0,220,220
VR06188,0,0,600,600
X302711,0,0,4560,4560
X309663,0,0,164,164
X401790,0,0,385,385
X407920,0,0,232,232
X407921,0,0,2062,2062
X407925,0,0,175,175
X412209,0,0,24,24
X412210,0,0,8,8
X412213,0,0,42,42
X412214,0,0,64,64
X412344,0,0,114,114
X41587A,0,0,4032,4032
X418616,0,0,93,93
XRR2297,0,0,108,108
U6541K0,0,0,95,95
U6541K1,0,0,192,192
V478M25,0,0,4040,4040
V6126B2,0,0,18,18
V6126B6,0,0,18,18
V6126B9,0,0,6,6
V900922,0,0,29000,29000
VXTR211,0,0,701,701
VXTR221,0,0,566,566
VXTR23C,0,0,945,945
VXTR251,0,0,1,1
VXTR25A,0,0,28,28
VXTR25R,0,0,5,5
VXTR311,0,0,10,10
VXTR353,0,0,407,407
VXTR355,0,0,755,755
VXTR356,0,0,2462,2462
VXTR383,0,0,7,7
VXTR391,0,0,591,591
VXTR651,0,0,2,2
VXTR790,0,0,1,1
VXTR791,0,0,1,1
VXTR797,0,0,391,391
VXTR798,0,0,1942,1942
VXTR801,0,0,1,1
X421268,0,0,13,13
XRD5432,0,0,96,96