U51T148,0,0,59,59
U51T149,0,0,17,17
U51T14J,0,0,76,76
U51T14K,0,0,414,414
U51T14L,0,0,288,288
U51T14T,0,0,238,238
U51T150,0,0,20160,20160
U51T15G,0,0,608,608
U51T504,0,0,231,231
U51Z21K,0,0,576,576
U51Z22H,0,0,675,675
U51Z45A,0,0,248,248
U51Z45C,0,0,45,45
U51Z45E,0,0,104,104
U51Z45F,0,0,59,59
U51Z45H,0,0,413,413
U51Z45Y,0,0,44,44
U51Z45J,0,0,325,325
U51Z45K,0,0,93,93
U51Z45L,0,0,516,516
U51Z45M,0,0,202,202
U51Z45N,0,0,1,1
U51Z45P,0,0,40,40
U51Z45R,0,0,69,69
U51Z45S,0,0,252,252
U51Z45T,0,0,12,12
U51Z45U,0,0,37,37
U51Z45W,0,0,40,40
U51Z45X,0,0,57,57
U51Z45Z,0,0,465,465
U51Z46M,0,0,536,536
U51Z46N,0,0,410,410
U51Z46P,0,0,252,252
U51Z46R,0,0,310,310
U51Z55Z,0,0,510,510
U5231KZ,0,0,7740,7740
U52C36C,0,0,27,27
U52F1F1,0,0,64,64
U52S287,0,0,80,80
U52S289,0,0,21,21
U52S28C,0,0,266,266
U52S28E,0,0,1416,1416
U52S290,0,0,30,30
U52S291,0,0,162,162
U52S292,0,0,1428,1428
U52S293,0,0,1395,1395
U52S308,0,0,444,444
U52S388,0,0,242,242
U53K861,0,0,1440,1440
U548N12,0,0,198,198
U548N13,0,0,222,222
U56K28L,0,0,373,373
U56K2G8,0,0,93,93
U56K4M3,0,0,209,209
U56K578,0,0,84,84
U56K8F3,0,0,410,410
U56K92K,0,0,466,466
U56PL12,0,0,12618,12618
U56PL52,0,0,4124,4124
U57N128,0,0,4896,4896
U57N129,0,0,4776,4776
U5896S6,0,0,354,354
U58F125,0,0,293,293
U5KH689,0,0,432,432
U62A123,0,0,594,594
U62G365,0,0,159,159
U6565P0,0,0,24,24
U6565P1,0,0,96,96
U6565P2,0,0,156,156
U6565P3,0,0,176,176
U698H24,0,0,720,720
U6H28G3,0,0,125,125
U6K3H21,0,0,195650,195650
U7895M2,0,0,288,288
U89KL23,0,0,625,625
U98LK21,0,0,528,528
U99GH21,0,0,812,812
U9H12X3,0,0,420,420
U9H12Z6,0,0,460,460
U9H12Z9,0,0,325,325
U9H12ZA,0,0,93,93
U9H12ZB,0,0,135,135
U9H12ZC,0,0,210,210
U9H12ZD,0,0,174,174
U9H1U9E,0,0,168,168
U9JA584,0,0,30,30
U9JA5S3,0,0,660,660
U9JA6A1,0,0,593,593
U9JA6A7,0,0,288,288
U9Z001A,0,0,114,114
U9Z001B,0,0,39,39
U9Z001C,0,0,58,58
U9Z001F,0,0,38,38
U9Z001G,0,0,90,90
U9Z001K,0,0,33,33
U9Z001L,0,0,10,10
U9Z001M,0,0,8,8
U9Z001R,0,0,30,30
U9Z002A,0,0,84,84
U9Z002C,0,0,78,78
UF596S2,0,0,564,564
UK54H12,0,0,19,19
UK56G23,0,0,342,342
UK58H32,0,0,543,543
UK6M235,0,0,150,150
UR56B32,0,0,216,216
V1258K5,0,0,10,10
V12S531,0,0,1855,1855
V1413H5,0,0,61,61
V1413H6,0,0,242,242
V1413H9,0,0,72,72
V148K69,0,0,396,396
V151855,0,0,28,28
V151856,0,0,372,372
V15185C,0,0,425,425
V15185E,0,0,6,6
V151860,0,0,56,56
V151862,0,0,20160,20160
V151863,0,0,9968,9968
V151864,0,0,11340,11340
V15186A,0,0,416,416
V15186C,0,0,528,528
V15186E,0,0,452,452
V15186H,0,0,572,572
V15186L,0,0,5486,5486
V15186M,0,0,22048,22048
V15186N,0,0,6084,6084
V15186R,0,0,17000,17000
V15186S,0,0,8160,8160
V15186T,0,0,6020,6020
V15186V,0,0,3324,3324
V151870,0,0,372,372
V151871,0,0,156,156
V151872,0,0,168,168
V151H12,0,0,240,240
V151H13,0,0,156,156
V158H98,0,0,136,136
V158N14,0,0,960,960
V158N15,0,0,1450,1450
V158N16,0,0,1410,1410
V158N17,0,0,780,780
V158N18,0,0,960,960
V158N19,0,0,500,500
V158N21,0,0,1020,1020
V158N22,0,0,125,125
V158N23,0,0,320,320
V158N24,0,0,1125,1125
V158N26,0,0,720,720
V211260,0,0,118,118
V211263,0,0,102,102
V211264,0,0,85,85
V211265,0,0,190,190
V2148F5,0,0,200,200
V2365N9,0,0,147,147
V248P53,0,0,658,658
V248P89,0,0,210,210
V2548F6,0,0,50,50
V258S48,0,0,220,220
V2785U1,0,0,312,312
V28J5FA,0,0,443,443
V28J5FC,0,0,18,18
V28J5FE,0,0,1138,1138
V28J5FF,0,0,96,96
V29E47W,0,0,18,18
V29E47X,0,0,10,10
V3125AN,0,0,742,742
V3145V2,0,0,735,735
V3145V6,0,0,39,39
V325S69,0,0,35,35
V348K48,0,0,129,129
V4095XJ,0,0,3,3
V4095XM,0,0,2,2
V409657,0,0,2200,2200
V409658,0,0,4600,4600
V40965C,0,0,20832,20832
V40965E,0,0,10080,10080
V40965F,0,0,8592,8592
V40965H,0,0,9600,9600
V40965J,0,0,1416,1416
V40965K,0,0,480,480
V40965M,0,0,600,600
V409802,0,0,120,120
V409AE1,0,0,661,661
V439F14,0,0,950,950
V44011A,0,0,939,939
V44011C,0,0,882,882
V44011E,0,0,1644,1644
V44011N,0,0,1375,1375
V442932,0,0,90,90
V44295F,0,0,420,420
V4461F5,0,0,98,98
V446368,0,0,515,515
V446369,0,0,755,755
V446F46,0,0,16,16
V446F47,0,0,120,120
V446N99,0,0,5004,5004
V446N9A,0,0,5292,5292
V446P14,0,0,12050,12050
V446P1D,0,0,4180,4180